image_width: 640
image_height: 480
camera_name: left
camera_matrix:
  rows: 3
  cols: 3
  data: [769.2003501217617, 0, 337.3126767724974, 0, 770.4757730364603, 228.8837638977649, 0, 0, 1]
distortion_model: plumb_bob
distortion_coefficients:
  rows: 1
  cols: 5
  data: [-0.0960742564451839, 0.1009233634974643, -0.01076060250221033, 0.001224121723751023, 0]
rectification_matrix:
  rows: 3
  cols: 3
  data: [0.9996939176916027, 0.0192412857479704, -0.01555132962739533, -0.0198455130793577, 0.9990152819274835, -0.03968150811105207, 0.01477249271558442, 0.03997798641897063, 0.9990913542118421]
projection_matrix:
  rows: 3
  cols: 4
  data: [888.3271351811127, 0, 374.6058864593506, 0, 0, 888.3271351811127, 227.6349468231201, 0, 0, 0, 1, 0]