image_width: 640
image_height: 480
camera_name: right
camera_matrix:
  rows: 3
  cols: 3
  data: [746.8760958575683, 0, 305.3243058908057, 0, 749.1675608364083, 231.9541380022835, 0, 0, 1]
distortion_model: plumb_bob
distortion_coefficients:
  rows: 1
  cols: 5
  data: [-0.04089448034562511, -0.07647880597345968, -0.002211464136872293, -0.003367415067944251, 0]
rectification_matrix:
  rows: 3
  cols: 3
  data: [0.9942088102235515, -0.005899398100138899, -0.1073034891134773, 0.01017509973629495, 0.9991739538468163, 0.03934307181037727, 0.1069827510359802, -0.040207052318917, 0.9934475748244581]
projection_matrix:
  rows: 3
  cols: 4
  data: [888.3271351811127, 0, 374.6058864593506, 508.748135329517, 0, 888.3271351811127, 227.6349468231201, 0, 0, 0, 1, 0]