image_width: 640
image_height: 480
camera_name: narrow_stereo/left
camera_matrix:
  rows: 3
  cols: 3
  data: [769.200350, 0.000000, 337.312677, 0.000000, 770.475773, 228.883764, 0.000000, 0.000000, 1.000000]
distortion_model: plumb_bob
distortion_coefficients:
  rows: 1
  cols: 5
  data: [-0.096074, 0.100923, -0.010761, 0.001224, 0.000000]
rectification_matrix:
  rows: 3
  cols: 3
  data: [0.999694, 0.019241, -0.015551, -0.019846, 0.999015, -0.039682, 0.014772, 0.039978, 0.999091]
projection_matrix:
  rows: 3
  cols: 4
  data: [888.327135, 0.000000, 374.605886, 0.000000, 0.000000, 888.327135, 227.634947, 0.000000, 0.000000, 0.000000, 1.000000, 0.000000]
